ALGORITHM: repeatingintervalbasedpolicy
FUNC: f0
RUNS:
[
8.615792777454147e-108,
2.918186751240936e-108,
6.258666760740843e-108,
4.062447222713661e-108,
3.3799458867834096e-108,
7.31872588828896e-108,
4.649936157522817e-108,
3.00010274266662e-108,
2.6604576298538376e-108,
5.045198396644638e-108,
]
MEAN:[4.79094602e-108]
FUNC: f1
RUNS:
[
6.605663907363102e-122,
1.7352659466718422e-119,
7.906371579761131e-121,
1.7400458305907043e-121,
4.812237612566688e-121,
2.1418460686828146e-120,
4.20348200122229e-118,
4.233068679791441e-121,
5.523436933390937e-121,
1.287124337484144e-120,
]
MEAN:[4.43617403e-119]
FUNC: f2
RUNS:
[
39518.85058391915,
56016.94600647981,
13466.221115742681,
15398.355626433347,
566.0507142432815,
12636.221072993789,
12120.96793910369,
27129.3592772188,
2409.9957760463208,
12006.567449531356,
]
MEAN:[19126.95355617]
FUNC: f3
RUNS:
[
43.00150894864886,
41.65424293813245,
41.63352364132046,
40.96231847365445,
42.646659493761256,
38.768473085306915,
29.02402086862232,
0.0006058956670532123,
42.69418323338385,
39.30587623422284,
]
MEAN:[35.96914128]
FUNC: f4
RUNS:
[
0.0,
0.0,
0.0,
0.0,
0.0,
0.0,
0.0,
0.0,
0.0,
0.0,
]
MEAN:[0.]
FUNC: f5
RUNS:
[
0.9630917914190926,
0.9085432620526608,
0.7169275408781906,
0.7254073503629459,
0.9623937522532491,
0.8868529748981908,
0.9621768802694032,
1.4267506396134166,
0.9243634910804475,
0.8427758715418312,
]
MEAN:[0.93192836]
FUNC: f6
RUNS:
[
0.0,
101.33479117910227,
0.0,
101.33479117910227,
0.0,
0.0,
0.0,
0.0,
0.0,
0.0,
]
MEAN:[20.26695824]
FUNC: f7
RUNS:
[
0.0,
0.0,
0.0,
0.0,
0.0,
0.0,
0.0,
0.0,
0.0,
0.0,
]
MEAN:[0.]
FUNC: f8
RUNS:
[
1.4997597826618576e-32,
1.4997597826618576e-32,
1.4997597826618576e-32,
1.4997597826618576e-32,
1.4997597826618576e-32,
1.4997597826618576e-32,
1.4997597826618576e-32,
1.4997597826618576e-32,
1.4997597826618576e-32,
1.4997597826618576e-32,
]
MEAN:[1.49975978e-32]
FUNC: f9
RUNS:
[
1.248893906311423,
0.6380693758037523,
0.6235578200576128,
0.41740482248860644,
0.4056464829554898,
0.29882249161892105,
0.7901638552284567,
0.9881613864199608,
0.9542078446393134,
0.8876773290976416,
]
MEAN:[0.72526053]
FUNC: f10
RUNS:
[
1.5758945966201956e-111,
2.5090221139930116e-111,
7.354851565761705e-112,
3.831957272256406e-111,
9.517309793274969e-112,
1.2794592837037586e-111,
1.519213861001648e-111,
8.49058332352429e-112,
6.0876363627904335e-112,
8.372474742333843e-112,
]
MEAN:[1.46978327e-111]
FUNC: f11
RUNS:
[
1.5281458968579628e-114,
8.89888585148522e-115,
5.191869106579676e-115,
8.275024851216886e-115,
6.067674679211112e-115,
2.9379566670724483e-114,
2.6835133143224195e-114,
1.1806448554830372e-114,
8.668273443052284e-115,
2.4235718554242826e-115,
]
MEAN:[1.22827907e-114]
FUNC: f12
RUNS:
[
19.9999999547876,
19.99999995547251,
19.999999954446494,
19.999999950936964,
19.99999995877693,
19.999999954738513,
19.999999954430468,
19.99999995444146,
19.999999955193115,
19.99999995252867,
]
MEAN:[19.99999995]
FUNC: f13
RUNS:
[
5.684341886080802e-14,
0.0,
0.0,
0.0,
0.0,
0.0,
0.0,
0.0,
0.0,
0.0,
]
MEAN:[5.68434189e-15]
FUNC: f14
RUNS:
[
1.1102230246251565e-16,
1.1102230246251565e-16,
0.0,
0.0,
1.1102230246251565e-16,
0.0,
0.0,
0.0,
0.0,
0.0,
]
MEAN:[3.33066907e-17]
FUNC: f15
RUNS:
[
0.0,
0.0,
0.0,
0.0,
0.0,
0.0,
0.0,
0.0,
0.0,
0.0,
]
MEAN:[0.]
FUNC: f16
RUNS:
[
0.5369090190964583,
0.47247578917557925,
0.4969565491202123,
0.40327149873280993,
0.451868724695823,
0.38144642935925044,
0.4994767932856311,
0.508764118853,
0.4805772946847204,
0.416021619390482,
]
MEAN:[0.46477678]
FUNC: f17
RUNS:
[
0.25741207009451744,
0.22919077180190311,
0.29108036230814816,
0.30234843875408884,
0.2608402355325863,
0.25796536147860116,
0.23476227400572608,
0.2546885530087142,
0.25499601832940866,
0.2771971124358186,
]
MEAN:[0.26204812]
FUNC: f18
RUNS:
[
2.1596176487012544,
2.082523382875561,
2.495100313207563,
2.2052611632675787,
1.4682697789184458,
3.498448826162654,
2.90108947349978,
2.0176142715376204,
2.185403252469294,
3.219652275760025,
]
MEAN:[2.42329804]
FUNC: f19
RUNS:
[
4.527391112532527e-60,
6.236379117131891e-60,
5.528287945154842e-60,
6.5677564442479e-60,
5.152385746657368e-60,
5.998812181395076e-60,
5.614721377124504e-60,
3.361770192385386e-60,
5.723483687784984e-60,
4.680731445321959e-60,
]
MEAN:[5.33917192e-60]
