ALGORITHM: randommergepolicy
FUNC: f0
RUNS:
[
2.855187171800721e-10,
2.719404755628439e-10,
2.9243269810259515e-10,
1.2156334582758157e-10,
7.339574104690177e-10,
1.7492212995713545e-10,
9.098025019071227e-10,
2.2208535289588213e-10,
3.1114799282696326e-10,
1.1505653686354418e-10,
]
MEAN:[3.43842716e-10]
FUNC: f1
RUNS:
[
0.0001170596944549609,
601.1036033815212,
0.0008264464383093251,
1716.6711441553566,
0.27027423475917745,
5.100820360079879e-06,
0.0005011682094727653,
6.261002770179546e-06,
3262816.9276536973,
1.7737010932833665e-06,
]
MEAN:[326513.49741333]
FUNC: f2
RUNS:
[
291627.40331569116,
114634.00737931841,
275780.5230551229,
221784.1781049622,
40511.72166485449,
328067.3377469843,
201481.0990886607,
293876.38178678043,
291561.590916535,
272067.09331590304,
]
MEAN:[233139.13363748]
FUNC: f3
RUNS:
[
1.0143791050792648e-06,
7.403557289463338e-07,
8.895700187553423e-07,
1.0433864044675163e-06,
1.2534592346937582e-06,
0.14036838108126098,
8.743786106393357e-07,
1.3248844802539373e-06,
1.12687652321799e-06,
2.622835860960044e-06,
]
MEAN:[0.01403793]
FUNC: f4
RUNS:
[
2.90878432451791e-11,
3.9763747849974607e-11,
6.043521239007532e-11,
2.8192559398121375e-11,
6.250822082165541e-11,
3.943867454836436e-11,
5.4010129701964615e-11,
1.0594902732918854e-10,
4.143885234952904e-11,
6.978595479267824e-11,
]
MEAN:[5.30610222e-11]
FUNC: f5
RUNS:
[
0.9256026447537999,
1.5281772981768094,
0.9101043060125732,
3.308622688332048,
1.3242874778921512,
0.9565221246714348,
1.6220951680945341,
1.679163845181229,
2.0568051118791506,
1.623106892199916,
]
MEAN:[1.59344876]
FUNC: f6
RUNS:
[
1.174053363281322e-10,
5.456093769837451e-11,
5.170419656313589e-11,
9.026818008870629e-11,
4.1135160481736506e-11,
6.555817304904379e-11,
2.0324538187145317e-10,
7.727019566409205e-11,
1.0683569562266085e-10,
202.881874272112,
]
MEAN:[20.28818743]
FUNC: f7
RUNS:
[
3.609734733345249e-11,
2.157030110083724e-11,
5.4427573559223674e-11,
4.298961187032546e-11,
4.3574033270488144e-11,
4.791849033125573e-07,
5.838849403971835e-10,
1.9241319648699573e-10,
3.488231925530272e-11,
1.461373244637798e-10,
]
MEAN:[4.8034088e-08]
FUNC: f8
RUNS:
[
1.0887647453106992e-11,
6.555428923092714e-12,
6.005102293543915e-12,
4.879783181476271e-12,
4.558076237593564e-12,
5.967217538501691e-12,
5.219170377136189e-12,
8.270785304311191e-12,
9.1322865702468e-12,
4.476089861444025e-12,
]
MEAN:[6.59515877e-12]
FUNC: f9
RUNS:
[
6.629852933045186,
29.418550203132327,
7.316321100755886,
27.80692777877266,
11.114411071903305,
4.784467057434085,
19.207519796997076,
49.92570749049628,
833.8467099660702,
91.56247446363705,
]
MEAN:[108.16129419]
FUNC: f10
RUNS:
[
4.5112063504912577e-10,
3.048071888440599e-08,
0.002390029989780054,
8.317422294167714e-08,
4.485440338245387e-05,
0.0008333378767139053,
6.425025600548391e-11,
5.458607533776214e-09,
1.0518010933806347e-11,
0.005051138124460403,
]
MEAN:[0.00083195]
FUNC: f11
RUNS:
[
4.171108872927983e-06,
4.084559808733608e-07,
5.006376241332304e-07,
9.534933153857248e-08,
8.51097612096282e-07,
1.9319639581992173e-06,
6.928940632085446e-06,
1.063145490290887e-06,
7.30408512390064e-06,
4.044520400014037e-06,
]
MEAN:[2.7299305e-06]
FUNC: f12
RUNS:
[
4.650602125622072e-09,
4.0131493683759345e-09,
5.5024647060974985e-09,
1.0649430226550294e-08,
3.2383487003073697e-09,
7.1837154003162595e-09,
2.923407738109063e-09,
9.082733232190776e-09,
5.674945402489584e-09,
7.330605900079945e-09,
]
MEAN:[6.02494028e-09]
FUNC: f13
RUNS:
[
8.131451068038587e-11,
1.3926069186709356e-09,
9.046630111697596e-11,
7.51754214434186e-11,
4.050093593832571e-11,
0.0016580559559429275,
4.7492676458205096e-11,
1.0831513463926967e-10,
4.6213699533836916e-11,
2.935962584160734e-11,
]
MEAN:[0.00016581]
FUNC: f14
RUNS:
[
0.001939089679588557,
0.07357213164017751,
0.02611977724531034,
1.7007887964659574e-07,
0.10103159078347468,
0.07458791934204878,
0.028758756799818097,
0.0316768467293278,
0.0008595523351800916,
0.01699100401542175,
]
MEAN:[0.03555368]
FUNC: f15
RUNS:
[
9.343785831373327e-05,
6.622787767888863e-05,
0.00017568725268825628,
7.032420858696983e-07,
3.885861732861782e-05,
9.070044645697402e-05,
0.0,
6.342811632648613e-05,
0.00014888075607228952,
0.00013201649387058938,
]
MEAN:[8.09940661e-05]
FUNC: f16
RUNS:
[
0.7509823699124221,
0.6563556346581622,
0.6561341829941849,
0.6924992220169603,
0.616137908013789,
0.6636784618364847,
0.7148388590209732,
0.7179919470989714,
0.675695692076542,
0.6486901627057349,
]
MEAN:[0.67930044]
FUNC: f17
RUNS:
[
0.2131760501237958,
0.18897384208531215,
0.20541213105559336,
0.2091472232419317,
0.22517492019209145,
0.1980979818709172,
0.2133341726823934,
0.2189068246306186,
0.22478675247513846,
0.19521385422062726,
]
MEAN:[0.20922238]
FUNC: f18
RUNS:
[
27.772123805486125,
0.5216700947609125,
13.314369062787781,
1.4596443032872928,
42.65469951447327,
27.47263459899375,
1.4617534715129055,
22.349708411690052,
1.0062889131701964,
37.229757791380734,
]
MEAN:[17.524265]
FUNC: f19
RUNS:
[
1.0896111403752157e-07,
8.677045372671404e-09,
4.586841348888775e-08,
5.108147902959992e-08,
1.1659269738842652e-07,
4.4266729901878064e-08,
0.0009448791976592623,
1.4885029315644581e-08,
0.033168486691361375,
2.214281637360195,
]
MEAN:[0.22483954]
