ALGORITHM: intervalbasedsplitpolicy
FUNC: f0
RUNS:
[
4.617769149007233e-99,
1.358645112235339e-99,
4.193869169676935e-100,
2.6346629471845946e-99,
4.0198388434806457e-100,
4.602878791198752e-100,
3.2180103149637894e-100,
3.5430234422646826e-99,
2.440334699009144e-100,
6.803677426792042e-100,
]
MEAN:[1.46819616e-99]
FUNC: f1
RUNS:
[
4.2447536208090356e-61,
3.126609143865173e-60,
2.2673621715425316e-64,
4.316120642205237e-60,
8.173342182923735e-63,
2.2090093352556248e-60,
1.4326234412901108e-62,
8.372600371724218e-62,
1.9526652177055066e-61,
7.416773254442738e-61,
]
MEAN:[1.11196106e-60]
FUNC: f2
RUNS:
[
40030.019487795405,
91147.6019354673,
49573.846572847266,
40506.606236351145,
25731.750438463063,
32261.36601565416,
35341.7730190131,
40262.53072919724,
31768.23222795624,
37946.391092477636,
]
MEAN:[42457.01177552]
FUNC: f3
RUNS:
[
59.103993016240935,
48.76141341489007,
58.669253478798,
59.71501795402292,
60.1706455305756,
52.594218582781075,
61.51189566347363,
58.4412160080979,
56.03316724397359,
58.731891115410775,
]
MEAN:[57.3732712]
FUNC: f4
RUNS:
[
0.0,
0.0,
0.0,
0.0,
0.0,
0.0,
0.0,
0.0,
0.0,
0.0,
]
MEAN:[0.]
FUNC: f5
RUNS:
[
0.7043092231431614,
0.9621931680806465,
0.6667348461630662,
0.9620834448531741,
0.8821497033757755,
0.7368891327176249,
0.9182428789097983,
0.9624445949219425,
0.8924333301006664,
0.5095529754998926,
]
MEAN:[0.81970333]
FUNC: f6
RUNS:
[
0.0,
0.0,
0.0,
0.0,
0.0,
0.0,
0.0,
0.0,
0.0,
0.0,
]
MEAN:[0.]
FUNC: f7
RUNS:
[
0.0,
0.0,
0.0,
0.0,
0.0,
0.0,
0.0,
0.0,
0.0,
0.0,
]
MEAN:[0.]
FUNC: f8
RUNS:
[
1.4997597826618576e-32,
1.4997597826618576e-32,
1.4997597826618576e-32,
1.4997597826618576e-32,
1.4997597826618576e-32,
1.4997597826618576e-32,
1.4997597826618576e-32,
1.4997597826618576e-32,
1.4997597826618576e-32,
1.4997597826618576e-32,
]
MEAN:[1.49975978e-32]
FUNC: f9
RUNS:
[
0.0012727566645480692,
0.0012727566790999845,
0.0012727566645480692,
0.0012727566645480692,
0.0012727566645480692,
0.0012727566645480692,
0.0012727566645480692,
0.0012727566645480692,
0.0012727566645480692,
0.0012727566645480692,
]
MEAN:[0.00127276]
FUNC: f10
RUNS:
[
1.1946291940008894e-103,
1.3117942068645296e-102,
4.7908091166130295e-102,
2.9248137352997726e-104,
3.522398161319561e-103,
9.405925716015689e-104,
5.844185473147119e-104,
2.550520381117942e-103,
3.651473124362153e-102,
1.1175003303834212e-103,
]
MEAN:[1.07743305e-102]
FUNC: f11
RUNS:
[
6.82814842593471e-107,
9.978025139038724e-107,
1.2876826439299028e-104,
2.7512873205170235e-106,
1.9942713485383124e-106,
7.70258527100167e-106,
4.260590985068452e-106,
1.384897308537804e-107,
1.226766186311377e-106,
5.111625350667018e-107,
]
MEAN:[1.49034035e-105]
FUNC: f12
RUNS:
[
19.999931632662545,
19.99998575594043,
19.999996773230215,
19.9999538589813,
19.999981299159728,
19.999992100601265,
19.999957903124635,
19.999909903019248,
19.99955327233634,
19.999949404671245,
]
MEAN:[19.99992119]
FUNC: f13
RUNS:
[
1.4210854715202004e-13,
1.7053025658242404e-13,
2.2737367544323206e-13,
1.7053025658242404e-13,
2.2737367544323206e-13,
1.7053025658242404e-13,
1.1368683772161603e-13,
2.2737367544323206e-13,
2.2737367544323206e-13,
1.1368683772161603e-13,
]
MEAN:[1.79056769e-13]
FUNC: f14
RUNS:
[
2.220446049250313e-16,
3.3306690738754696e-16,
2.220446049250313e-16,
3.3306690738754696e-16,
3.3306690738754696e-16,
4.440892098500626e-16,
3.3306690738754696e-16,
3.3306690738754696e-16,
2.220446049250313e-16,
2.220446049250313e-16,
]
MEAN:[2.99760217e-16]
FUNC: f15
RUNS:
[
0.0,
0.0,
0.0,
0.0,
0.0,
0.0,
0.0,
0.0,
0.0,
0.0,
]
MEAN:[0.]
FUNC: f16
RUNS:
[
0.07270778389912508,
0.08244539199236184,
0.11536181448827437,
0.10598545059704023,
0.07703081145230128,
0.08417184952570667,
0.10160087290649744,
0.08146647659930312,
0.0760488087039779,
0.09894451736614601,
]
MEAN:[0.08957638]
FUNC: f17
RUNS:
[
0.06068248542652632,
0.051399935659399265,
0.05845853574376969,
0.05961277083736022,
0.056512550871035905,
0.06356912458792058,
0.051465059598094165,
0.062334741964282125,
0.05302825660623933,
0.05136221591007595,
]
MEAN:[0.05684257]
FUNC: f18
RUNS:
[
2.3384446353548762,
1.6133909572813159,
1.7350958842011899,
2.9298828288680046,
3.078087564251575,
1.616300581439178,
1.8688966538381968,
2.485686572540902,
1.4578033883732848,
2.9262947318625976,
]
MEAN:[2.20498838]
FUNC: f19
RUNS:
[
1.2295306083216695e-49,
2.903877393615377e-50,
8.963306027497092e-50,
1.9390452114875973e-49,
1.3821229042152343e-49,
8.5109814806816525e-50,
3.725090490815575e-50,
1.010184928068057e-49,
9.951359745474303e-50,
1.900577460801867e-49,
]
MEAN:[1.08669226e-49]
