ALGORITHM: lowdiversitybasedmergepolicy
FUNC: f0
RUNS:
[
6.256376910558437e-10,
2.9748879199945737e-10,
1.4513987890668934e-10,
1.3795115863263082e-10,
4.923886851429109e-10,
3.243659813824702e-10,
4.633529785249546e-10,
7.648645892653071e-11,
2.557363499496073e-10,
2.307020229202083e-10,
]
MEAN:[3.04925e-10]
FUNC: f1
RUNS:
[
0.00015881002710321432,
1.097778850529961e-11,
0.0005989818061163729,
2.5112858757905853e-08,
0.01618439117919368,
0.005167143830642572,
5.523155505915526e-10,
430.25403872036367,
34.093775226791855,
0.012711208956490836,
]
MEAN:[46.43826345]
FUNC: f2
RUNS:
[
291627.40331569116,
114634.00737931841,
275942.57295181614,
221784.1781049622,
40511.72166485449,
328067.3377469843,
201481.0990886607,
293876.38178678043,
291561.590916535,
272067.09331590304,
]
MEAN:[233155.33862715]
FUNC: f3
RUNS:
[
9.134492800481071e-07,
8.620687197900267e-07,
8.836538196069592e-07,
9.937153480407091e-07,
9.729888999211804e-07,
0.14036838108126098,
8.307871764982246e-07,
1.0948886907954283e-06,
1.0385589171771763e-06,
2.622835860960044e-06,
]
MEAN:[0.01403786]
FUNC: f4
RUNS:
[
3.987210561717802e-11,
6.38582520195996e-11,
1.006643657319728e-10,
5.947065062628099e-11,
6.060751900349715e-11,
3.751665644813329e-11,
4.0824232883096556e-11,
2.77905698453651e-10,
6.697753462958644e-11,
5.721645379708207e-11,
]
MEAN:[8.04913469e-11]
FUNC: f5
RUNS:
[
0.9257064085657558,
1.5277636236030596,
0.90634350206264,
3.36748782468516,
1.2638353957075563,
0.9552422350339456,
1.5824564321055778,
1.0597652278757894,
2.0546860785359966,
1.634383799508238,
]
MEAN:[1.52776705]
FUNC: f6
RUNS:
[
7.755705730933586e-11,
1.0326422586114351e-10,
7.984141958601222e-11,
5.3561294610292865e-11,
4.8132877491418935e-11,
5.0847211223324396e-11,
1.433992518813103e-10,
9.269557290293513e-11,
3.527846035119526e-11,
152.40027493960866,
]
MEAN:[15.24002749]
FUNC: f7
RUNS:
[
3.938005477266415e-11,
1.3775647289548942e-11,
7.197975548933755e-11,
2.2168933355715126e-11,
4.2167158653683146e-11,
7.754383801739095e-10,
1.495550350227859e-10,
1.3604761761598638e-10,
3.681499549657019e-11,
1.5788081952905486e-10,
]
MEAN:[1.4452084e-10]
FUNC: f8
RUNS:
[
8.393740192303678e-12,
5.9965022293311425e-12,
6.365807063329437e-12,
4.100308671008904e-12,
5.287956686813661e-12,
4.32103332453077e-12,
7.778227809976566e-12,
5.300291811432823e-12,
9.278912946507018e-12,
8.436807464909707e-12,
]
MEAN:[6.52595882e-12]
FUNC: f9
RUNS:
[
5.509150476056675,
33.412397826701635,
7.279227242695924,
29.90336299836781,
11.63030556224112,
5.008372899574169,
17.18522603069141,
48.030627574567916,
1276.969966430348,
27.54355669641518,
]
MEAN:[146.24721937]
FUNC: f10
RUNS:
[
5.170864273967875e-06,
1.5831533752051403e-08,
0.001660940467302751,
5.423629348015622e-08,
2.6808328788057118e-05,
3.5124643763260313e-07,
5.0329692584053805e-11,
5.103145343079506e-11,
1.2213021203508575e-11,
0.006288598264262154,
]
MEAN:[0.00079819]
FUNC: f11
RUNS:
[
9.079702135632932e-07,
2.0467424300484755e-06,
3.338703366794313e-07,
5.674316352956095e-08,
1.9166599493321996e-06,
1.0635546174796456e-06,
2.545311745065185e-06,
6.661563644950802e-08,
1.0528280784252776e-07,
4.627977925688449e-06,
]
MEAN:[1.36707288e-06]
FUNC: f12
RUNS:
[
3.476511967193119e-09,
4.373749806774185e-09,
4.152511667854242e-09,
8.76912453762202e-09,
5.163386607165421e-09,
5.857586860003039e-09,
2.4482749161336415e-09,
5.2078168444325e-09,
5.672771141718158e-09,
5.8561160365400156e-09,
]
MEAN:[5.09778504e-09]
FUNC: f13
RUNS:
[
3.211653165635653e-11,
6.645971666330297e-06,
9.583800419932231e-11,
1.5234036254696548e-10,
4.4224179873708636e-11,
0.00036266440199028693,
5.132960723130964e-11,
5.468336894409731e-11,
1.4694023775518872e-11,
2.9672264645341784e-11,
]
MEAN:[3.69310849e-05]
FUNC: f14
RUNS:
[
0.0013510715078833835,
0.041001113773656006,
0.07389497086967545,
0.0006944915341207114,
0.03148772045096626,
0.11483998279047802,
0.020391697177379653,
0.03998120986222031,
0.018618422758838293,
0.10666867055633367,
]
MEAN:[0.04489294]
FUNC: f15
RUNS:
[
0.0001767414605599836,
0.0,
0.00022234769394788106,
4.412625738089678e-06,
9.037286567076101e-05,
7.568361686775089e-05,
0.0,
0.00011118268360404342,
0.0003082757805049803,
2.4306756810568188e-05,
]
MEAN:[0.00010133]
FUNC: f16
RUNS:
[
0.6906884170420746,
0.7098696977934891,
0.678488922279223,
0.7002913138300513,
0.7086079642004801,
0.7040369850340433,
0.61504637304565,
0.643134735533487,
0.687005579604457,
0.6896250909613613,
]
MEAN:[0.68267951]
FUNC: f17
RUNS:
[
0.22235775167912464,
0.21761402755063913,
0.20371788387559964,
0.22109455785967563,
0.21686102983070632,
0.21426112087326593,
0.23648430683167948,
0.20692752476436538,
0.23633117206298848,
0.2129997858963173,
]
MEAN:[0.21886492]
FUNC: f18
RUNS:
[
27.690864935226998,
0.5216700947609125,
3.3291169103766483,
32.107456381123946,
39.28790383471581,
0.9557627541031883,
1.4617534715129055,
22.521423877269676,
8.897912789718234,
1.354286122450108,
]
MEAN:[13.81281512]
FUNC: f19
RUNS:
[
2.47985379894253e-07,
1.962087791336538e-08,
9.31601973277758e-08,
9.47393951029264e-09,
1.5953731256204855e-07,
1.3877626605818703e-08,
0.0012026875727685498,
8.637522439680042e-08,
0.046192089044166926,
2.0457827404695585,
]
MEAN:[0.20931781]
