ALGORITHM: stagnationbasedsplitpolicy
FUNC: f0
RUNS:
[
1.0848428257908504e-245,
5.302358926928676e-231,
9.703584561149339e-238,
1.8852865026001326e-233,
9.200761407547435e-232,
4.716840879680148e-233,
1.1834328420417856e-231,
7.608658700528474e-233,
1.6843367111307299e-234,
1.84901433522265e-236,
]
MEAN:[7.54967957e-232]
FUNC: f1
RUNS:
[
1.0351943485007654e-139,
8.146936147493286e-144,
2.3205680479500215e-144,
4.746217764596863e-142,
1.1045119392019443e-143,
9.285898479479714e-141,
3.867250737319875e-146,
7.70130206816958e-140,
5.815031469784545e-141,
3.49470881422031e-143,
]
MEAN:[1.96164506e-140]
FUNC: f2
RUNS:
[
54002.22264095179,
97017.43018959259,
60990.02024000519,
38959.82524758667,
65245.80617786285,
68760.30669823517,
38994.81190730817,
41573.51307024156,
59314.17479281448,
74956.27455774031,
]
MEAN:[59981.43855223]
FUNC: f3
RUNS:
[
11.092359787707014,
1.901886180347023,
9.942626958278055,
11.017330005015227,
13.583953296963939,
11.921135258298133,
13.692771778468753,
0.4366569380772101,
13.821767870800313,
13.509324736335845,
]
MEAN:[10.09198128]
FUNC: f4
RUNS:
[
0.0,
0.0,
0.0,
0.0,
0.0,
0.0,
0.0,
0.0,
0.0,
0.0,
]
MEAN:[0.]
FUNC: f5
RUNS:
[
0.7871332851384849,
0.9618788017216755,
0.8296349261304925,
0.5636687612570709,
0.38513111879526574,
0.0,
1.9340296803264074,
0.5345468329768939,
0.8855580018796094,
0.30280082076396997,
]
MEAN:[0.71843822]
FUNC: f6
RUNS:
[
0.0,
0.0,
0.0,
0.0,
0.0,
0.0,
0.0,
0.0,
0.0,
0.0,
]
MEAN:[0.]
FUNC: f7
RUNS:
[
0.0,
0.0,
0.0,
0.0,
0.0,
0.0,
0.0,
0.0,
0.0,
0.0,
]
MEAN:[0.]
FUNC: f8
RUNS:
[
1.4997597826618576e-32,
1.4997597826618576e-32,
1.4997597826618576e-32,
1.4997597826618576e-32,
1.4997597826618576e-32,
1.4997597826618576e-32,
1.4997597826618576e-32,
1.4997597826618576e-32,
1.4997597826618576e-32,
1.4997597826618576e-32,
]
MEAN:[1.49975978e-32]
FUNC: f9
RUNS:
[
0.0012727566936518997,
0.0012727566936518997,
0.0012727566936518997,
0.0012727566936518997,
0.0012727566790999845,
0.0012727566936518997,
0.0012727566790999845,
0.0012727566718240269,
0.0012727566790999845,
0.0012727566790999845,
]
MEAN:[0.00127276]
FUNC: f10
RUNS:
[
2.356236091422092e-256,
1.8540965835477576e-254,
2.274990144886952e-256,
1.3604101228375334e-257,
3.939639152087822e-257,
4.8608383360138956e-250,
1.2837244846252803e-251,
7.064375160777725e-254,
1.5565461910120158e-257,
4.465199791862507e-253,
]
MEAN:[4.99457315e-251]
FUNC: f11
RUNS:
[
8.982482775229575e-270,
4.993258010262925e-263,
3.5982292290271885e-264,
3.5374460816997705e-270,
7.655726902073305e-269,
2.1208579497371393e-267,
5.9808827339028445e-269,
3.0160938435509066e-266,
3.0238135097221534e-263,
4.78146060293445e-263,
]
MEAN:[1.31615981e-263]
FUNC: f12
RUNS:
[
19.99999995877693,
19.99999995373243,
19.999999950688835,
19.999999953706826,
19.99999994554109,
19.999999950917655,
19.999999954956238,
19.99999995004559,
19.999999954693017,
19.99999994981503,
]
MEAN:[19.99999995]
FUNC: f13
RUNS:
[
2.8421709430404007e-13,
2.8421709430404007e-13,
2.8421709430404007e-13,
2.8421709430404007e-13,
2.8421709430404007e-13,
3.410605131648481e-13,
2.8421709430404007e-13,
3.410605131648481e-13,
3.410605131648481e-13,
2.8421709430404007e-13,
]
MEAN:[3.0127012e-13]
FUNC: f14
RUNS:
[
6.661338147750939e-16,
0.012316072519262478,
0.3329556743996547,
0.09534649594708022,
0.24354952070074587,
7.771561172376096e-16,
0.024573294086364328,
0.06338955671711743,
0.06338955671711732,
9.992007221626409e-16,
]
MEAN:[0.08355202]
FUNC: f15
RUNS:
[
0.0,
0.0,
0.0,
0.0,
0.0,
0.0,
0.0,
0.0,
0.0,
0.0,
]
MEAN:[0.]
FUNC: f16
RUNS:
[
0.21291632468591115,
0.23311977206306822,
0.24367106159476365,
0.2545894407377506,
0.3555159947507167,
0.2645426572235074,
0.18235488188193955,
0.21475154959894238,
0.2839956917576191,
0.34393086771776255,
]
MEAN:[0.25893882]
FUNC: f17
RUNS:
[
0.07538647994231296,
0.08434032386105877,
0.09736299046652463,
0.7473816824704036,
0.0827176497807221,
0.07843019057276307,
0.05209542327293448,
0.701488469602435,
0.07061043132550021,
0.7031747492915182,
]
MEAN:[0.26929884]
FUNC: f18
RUNS:
[
2.3644116191248736,
2.2141388149373786,
3.4848298329850653,
3.2988414204765224,
3.5829501821828416,
2.200583916230651,
2.6996038014636348,
2.7335411925116513,
3.6857840787106175,
2.186632778733539,
]
MEAN:[2.84513176]
FUNC: f19
RUNS:
[
1.2859246265734406e-140,
5.101332676256443e-137,
3.7201138707078356e-138,
9.816409710344243e-139,
7.270452994495904e-139,
4.67452027664764e-135,
2.2516279007445235e-137,
5.667962312615504e-140,
8.84367432905264e-137,
5.081658839299733e-138,
]
MEAN:[4.84706662e-136]
