ALGORITHM: intervalbasedmergepolicy
FUNC: f0
RUNS:
[
8.59082581917107e-86,
1.4767829376258084e-85,
6.867881512605117e-86,
5.276487180416693e-86,
8.865903194243214e-86,
9.846567322284411e-86,
1.1005530499821131e-85,
9.914565259194787e-86,
1.4287367270071685e-85,
1.1022988489751711e-85,
]
MEAN:[1.00445946e-85]
FUNC: f1
RUNS:
[
6.06423415367188e-88,
5.1312588414489135e-89,
7.098472712317489e-87,
1.3671567111611295e-86,
2.0372194967055228e-86,
1.3182145240434907e-85,
3.8335701714709194e-87,
1.891697827612032e-88,
4.1173935413137594e-86,
1.5319896382136563e-88,
]
MEAN:[2.18971298e-86]
FUNC: f2
RUNS:
[
323952.66334718984,
157362.79334730317,
312099.04394104664,
263153.00687441946,
86474.22491391214,
372647.8317393489,
222352.7905122248,
332380.7571313493,
346330.4596154311,
307770.8053965632,
]
MEAN:[272452.43768188]
FUNC: f3
RUNS:
[
7.961478886757772e-05,
7.960948196834088e-05,
0.0015540123353127507,
0.0005054855538233441,
0.004155252959281897,
0.003272315276383355,
0.0011925265873679012,
0.010263052798841776,
0.0012569659128929388,
0.032776027621392985,
]
MEAN:[0.00551349]
FUNC: f4
RUNS:
[
0.0,
0.0,
0.0,
0.0,
0.0,
0.0,
0.0,
0.0,
0.0,
0.0,
]
MEAN:[0.]
FUNC: f5
RUNS:
[
0.9205280788412363,
0.9429906517764584,
0.7488604687198208,
1.0211786390145694,
0.7235994548122757,
0.9560035600327069,
1.2118129020369786,
0.7281685339024093,
0.9611106659057164,
1.6111883366559643,
]
MEAN:[0.98254413]
FUNC: f6
RUNS:
[
0.0,
0.0,
0.0,
0.0,
0.0,
0.0,
0.0,
0.0,
0.0,
0.0,
]
MEAN:[0.]
FUNC: f7
RUNS:
[
0.0,
0.0,
0.0,
0.0,
0.0,
0.0,
0.0,
0.0,
0.0,
0.0,
]
MEAN:[0.]
FUNC: f8
RUNS:
[
1.4997597826618576e-32,
1.4997597826618576e-32,
1.4997597826618576e-32,
1.4997597826618576e-32,
1.4997597826618576e-32,
1.4997597826618576e-32,
1.4997597826618576e-32,
1.4997597826618576e-32,
1.4997597826618576e-32,
1.4997597826618576e-32,
]
MEAN:[1.49975978e-32]
FUNC: f9
RUNS:
[
0.10132758989493595,
0.08905245888308855,
0.11369880787242437,
0.10097012639744207,
0.08900178881594911,
0.0949613060001866,
0.08283605767064728,
0.06592413162434241,
0.10745597920322325,
0.1404125368280802,
]
MEAN:[0.09856408]
FUNC: f10
RUNS:
[
2.0544452060781893e-88,
9.593837739851858e-89,
1.2206152779229294e-88,
2.3975086912859436e-88,
1.2253877204528808e-88,
2.2720422728102028e-88,
1.061997753492908e-88,
8.929434232909303e-89,
5.5641473296250456e-89,
1.3638430163399324e-88,
]
MEAN:[1.40045819e-88]
FUNC: f11
RUNS:
[
1.6982293056945967e-92,
1.6316117937980714e-92,
2.814484348299367e-92,
9.538436631187713e-93,
9.654318496560781e-93,
1.285804326581307e-92,
1.5941641272628788e-92,
1.5526123055706184e-92,
1.3487358055246134e-92,
1.80063404993121e-92,
]
MEAN:[1.56455516e-92]
FUNC: f12
RUNS:
[
2.886579864025407e-14,
2.1760371282653068e-14,
2.886579864025407e-14,
2.1760371282653068e-14,
2.1760371282653068e-14,
2.1760371282653068e-14,
2.1760371282653068e-14,
2.886579864025407e-14,
2.1760371282653068e-14,
2.1760371282653068e-14,
]
MEAN:[2.38919995e-14]
FUNC: f13
RUNS:
[
2.842170943040401e-14,
2.842170943040401e-14,
2.842170943040401e-14,
2.842170943040401e-14,
0.0,
2.842170943040401e-14,
5.684341886080802e-14,
5.684341886080802e-14,
0.0,
5.684341886080802e-14,
]
MEAN:[3.12638804e-14]
FUNC: f14
RUNS:
[
1.1102230246251565e-16,
2.220446049250313e-16,
1.1102230246251565e-16,
2.220446049250313e-16,
1.1102230246251565e-16,
1.1102230246251565e-16,
1.1102230246251565e-16,
1.1102230246251565e-16,
2.220446049250313e-16,
1.3322676295501878e-15,
]
MEAN:[2.66453526e-16]
FUNC: f15
RUNS:
[
0.0,
0.0,
0.0,
0.0,
0.0,
0.0,
0.0,
0.0,
0.0,
0.0,
]
MEAN:[0.]
FUNC: f16
RUNS:
[
0.4505911337367642,
0.4844496484936275,
0.5190596078175811,
0.4797676743912832,
0.43110356228889085,
0.48080734887364357,
0.4480354085349701,
0.4650038218583292,
0.5050955928308959,
0.5038147454753363,
]
MEAN:[0.47677285]
FUNC: f17
RUNS:
[
0.18809769213702454,
0.18047345398259218,
0.20350271067271136,
0.18758432747928305,
0.17955868852883944,
0.17955499883070059,
0.2006754672094822,
0.1956782924529782,
0.2028226080341698,
0.20674772434128408,
]
MEAN:[0.1924696]
FUNC: f18
RUNS:
[
1.4833090071906803,
0.5217739183068154,
0.9010090043624089,
1.412795903090242,
1.6632608766361807,
0.911106669761092,
1.4651943124762161,
0.9996392465626815,
1.008348047841101,
1.4776631635866257,
]
MEAN:[1.18441001]
FUNC: f19
RUNS:
[
6.7318824614445715e-43,
4.500716206929449e-43,
1.1530634088970737e-42,
4.8243376525945204e-43,
1.3377815920938925e-42,
2.315014137085344e-43,
2.9212543073565992e-43,
6.962608534090037e-43,
4.477055831560405e-43,
7.888006510894356e-43,
]
MEAN:[6.55293257e-43]
