ALGORITHM: highdiversitybasedmergepolicy
FUNC: f0
RUNS:
[3547.19757132]
[2273.65719136]
[12747.8817499]
[2201.25154201]
[2250.05175989]
[3438.68300908]
[3550.29599629]
[2382.23561402]
[2178.20323066]
[1915.47438503]
MEAN:1915.4743850261557
FUNC: f1
RUNS:
[9.1327836e+87]
[7.66389594e+86]
[9.83158409e+83]
[2.07843062e+85]
[3.11910151e+84]
[9.3500486e+84]
[1.07046357e+85]
[1.00698495e+88]
[2.92740832e+86]
[2.07931405e+93]
MEAN:2.07931405235193e+93
FUNC: f2
RUNS:
[250702.68495234]
[288250.08081305]
[250333.67141232]
[269015.66811821]
[275281.60094358]
[231513.42966444]
[260877.98509556]
[264437.00589263]
[267692.66103151]
[229320.90149556]
MEAN:229320.90149555635
FUNC: f3
RUNS:
[650.09768331]
[511.54733289]
[361.25373138]
[255.54617132]
[588.33244964]
[603.58034445]
[308.63989599]
[508.16433497]
[464.46278624]
[551.65717227]
MEAN:551.6571722718609
FUNC: f4
RUNS:
[851.5136539]
[885.99088834]
[843.56285281]
[831.70684599]
[782.22921267]
[830.98776679]
[849.10119102]
[847.61576166]
[867.72990436]
[840.67356914]
MEAN:840.6735691441675
FUNC: f5
RUNS:
[44.37495336]
[44.01048266]
[42.74506563]
[43.36891162]
[43.30310872]
[42.80037137]
[43.44334162]
[44.03715926]
[44.58772412]
[43.49183014]
MEAN:43.491830141542536
FUNC: f6
RUNS:
[820.70033181]
[991.30944323]
[879.9536608]
[740.7208787]
[683.38646152]
[1056.90948938]
[848.81177576]
[889.42347123]
[799.66614064]
[777.68956102]
MEAN:777.6895610211708
FUNC: f7
RUNS:
[895.79996513]
[837.20414497]
[800.73619019]
[808.22918063]
[915.22301737]
[745.30164619]
[727.27180457]
[829.7202964]
[881.59096936]
[827.67993002]
MEAN:827.6799300172893
FUNC: f8
RUNS:
[13726.43438385]
[16653.58170303]
[25232.16634341]
[28293.00063245]
[25457.25536141]
[22935.59381396]
[15808.66333856]
[22601.69183557]
[21640.21043829]
[20221.6708293]
MEAN:20221.67082930003
FUNC: f9
RUNS:
[23293.98039149]
[24166.02556623]
[24216.39422356]
[24056.37053915]
[23421.01898754]
[22990.90632163]
[22187.14610916]
[22098.81353888]
[24145.25100998]
[25727.27921785]
MEAN:25727.279217853014
FUNC: f10
RUNS:
[0.58657223]
[1.38699257]
[1.03538263]
[0.77434872]
[1.21904511]
[0.71814158]
[0.70788987]
[0.78354116]
[0.61156119]
[0.53049891]
MEAN:0.5304989088647347
FUNC: f11
RUNS:
[0.00072771]
[0.00058239]
[0.00059182]
[0.00042798]
[0.00057028]
[0.00062011]
[0.00105196]
[0.00058287]
[0.00067535]
[0.001353]
MEAN:0.001353003069373219
FUNC: f12
RUNS:
[19.99999996]
[20.00079977]
[20.00001407]
[19.99999995]
[20.00021271]
[19.99999995]
[20.00490054]
[19.99999996]
[20.01585806]
[19.99999996]
MEAN:19.99999995877693
FUNC: f13
RUNS:
[1.43121272]
[0.92466345]
[1.16450343]
[1.45703866]
[1.67732245]
[1.5645475]
[1.8314614]
[1.37713708]
[1.54684473]
[1.57983816]
MEAN:1.579838163398989
FUNC: f14
RUNS:
[0.03229309]
[0.08574606]
[0.0066651]
[0.11404423]
[0.03321584]
[0.14535467]
[0.03738256]
[0.01280241]
[0.06504319]
[0.15280384]
MEAN:0.15280383930520114
FUNC: f15
RUNS:
[4.52159741e-05]
[0.]
[0.]
[0.]
[0.]
[0.]
[2.13550048e-05]
[0.]
[0.]
[6.70620618e-05]
MEAN:6.706206176993411e-05
FUNC: f16
RUNS:
[0.49242079]
[0.40223296]
[0.44210656]
[0.42741974]
[0.49664597]
[0.40555653]
[0.48884626]
[0.3824969]
[0.4734659]
[0.46955958]
MEAN:0.46955957841684764
FUNC: f17
RUNS:
[0.37010382]
[0.3205745]
[0.35216322]
[0.33026315]
[0.40475364]
[0.3577543]
[0.33281615]
[0.32931839]
[0.33979868]
[0.35892436]
MEAN:0.3589243603389923
FUNC: f18
RUNS:
[230.90009684]
[113.19731996]
[317.86441718]
[139.3281288]
[241.23768148]
[251.42443051]
[166.5544495]
[182.12546023]
[130.17219109]
[237.50474507]
MEAN:237.50474506640364
FUNC: f19
RUNS:
[22.45128479]
[33.2544458]
[22.72710763]
[47.22238111]
[38.02428692]
[35.26682347]
[34.11455601]
[37.91484905]
[33.04312248]
[38.49257274]
MEAN:38.49257273723451
